1790656337 1.72
1790656348 1.42
1790656359 2.13
1790656370 2.17
1790656380 1.71
1790656391 1.43
1790656402 1.66
1790656413 1.53
1790656424 2.06
1790656435 1.32
1790656446 0.90
1790656456 1.15
1790656467 1.00
1790656478 1.20
1790656489 2.54
1790656500 1.48
1790656511 1.89
1790656522 1.97
1790656532 1.80
1790656543 1.27
1790656554 1.62
1790656565 1.64
1790656576 1.62
1790656587 1.72
1790656598 1.93
1790656608 1.68
1790656619 1.88
1790656630 2.37
1790656641 1.76
1790656652 3.90
1790656663 4.20
1790656674 1.74
1790656684 2.22
1790656695 1.86
1790656706 2.26
1790656717 2.10
1790656728 1.78
1790656738 2.28
1790656749 2.55
1790656760 2.29
1790656771 2.63
1790656782 1.93
1790656793 2.21
1790656803 2.43
1790656814 2.95
1790656825 1.77
1790656836 3.18
1790656847 3.26
1790656858 2.53
1790656868 4.77
1790656879 2.94
1790656890 3.67
1790656901 3.61
1790656912 2.12
1790656923 2.21
1790656934 2.57
1790656944 2.68
1790656955 1.19
1790656966 2.46
1790656977 1.87
1790656988 2.63
1790656999 3.57
1790657010 3.19
1790657020 1.38
1790657031 1.62
1790657042 0.97
1790657053 1.23
1790657064 1.31
1790657075 1.33
1790657086 1.24
1790657097 1.16
1790657107 2.25
1790657118 1.30
1790657129 1.71
1790657140 2.59
1790657151 1.46
1790657162 1.79
1790657173 1.47
1790657183 1.28
1790657194 1.55
1790657205 1.49
1790657216 1.48
1790657227 1.54
1790657238 1.33
1790657249 1.22
1790657259 2.14
1790657270 1.47
1790657281 2.74
1790657292 2.10
1790657303 1.89
1790657314 2.12
1790657325 1.51
1790657335 1.26
1790657346 1.16
1790657357 1.13
1790657368 0.94
1790657379 1.70
1790657390 1.48
1790657401 1.40
1790657411 1.43
1790657422 1.53
1790657433 1.44
1790657444 1.10
1790657455 1.14
1790657466 1.29
1790657477 1.02
1790657487 1.57
1790657498 1.69
1790657509 2.75
1790657520 1.48
1790657531 1.62
1790657542 2.05
1790657553 1.57
1790657563 1.94
1790657574 1.44
1790657585 1.61
1790657596 1.53
1790657607 1.72
1790657618 1.40
1790657629 2.08
1790657639 2.53
1790657650 1.69
1790657661 1.62
1790657672 1.59
1790657683 1.38
1790657694 1.09
1790657705 1.13
1790657716 1.36
1790657726 0.98
1790657737 1.26
1790657748 1.43
1790657759 1.46
1790657770 1.43
1790657781 1.70
1790657792 1.73
1790657802 1.59
1790657813 1.46
1790657824 1.92
1790657835 1.48
1790657846 1.49
1790657857 2.09
1790657868 2.05
1790657879 2.49
1790657889 1.73
1790657900 1.34
1790657911 1.55
1790657922 2.58
1790657933 1.42
1790657944 1.33
1790657955 0.98
1790657966 2.86
1790657976 1.31
1790657987 1.32
1790657998 1.26
1790658009 1.78
1790658020 1.34
1790658031 1.53
1790658042 1.86
1790658053 1.20
1790658064 1.24
1790658074 1.34
1790658085 1.23
1790658096 1.32
1790658107 1.48
1790658118 1.34
1790658129 1.85
1790658140 2.12
1790658150 1.78
1790658161 1.16
1790658172 2.06
1790658183 2.23
1790658194 1.71
1790658205 2.46
1790658216 1.23
1790658226 1.02
1790658237 1.26
1790658248 2.09
1790658259 1.61
1790658270 2.76
1790658281 1.19
1790658292 2.22
1790658302 2.51
1790658313 1.65
1790658324 1.38
1790658335 1.22
1790658346 0.93
1790658357 1.41
1790658368 1.31
1790658378 1.42
1790658389 1.30
1790658400 1.62
1790658411 1.18
1790658422 1.68
1790658433 1.50
1790658444 1.61
1790658455 1.34
1790658465 1.27
1790658476 2.58
1790658487 1.21
1790658498 1.57
1790658509 1.44
1790658520 1.70
1790658531 1.98
1790658541 1.71
1790658552 1.67
1790658563 1.28
1790658574 1.42
1790658585 1.79
1790658596 2.06
1790658607 1.71
1790658617 1.52
1790658628 4.62
1790658639 1.45
1790658650 2.06
1790658661 1.82
1790658672 1.74
1790658683 1.67
1790658694 0.98
1790658704 1.70
1790658715 1.24
1790658726 1.57
1790658737 1.16
1790658748 0.93
1790658759 1.06
1790658770 1.27
1790658780 2.22
1790658791 1.50
1790658802 1.89
1790658813 1.38
1790658824 2.02
1790658835 1.45
1790658846 1.18
1790658857 1.56
1790658867 1.31
1790658878 1.49
1790658889 1.71
1790658900 1.67
1790658911 1.86
1790658922 1.54
1790658932 2.00
1790658943 2.53
1790658954 3.53
1790658965 1.77
1790658976 1.35
1790658987 1.24
1790658998 1.37
1790659009 0.93
1790659019 1.30
1790659030 1.85
1790659041 1.03
1790659052 1.22
1790659063 1.73
1790659074 1.34
1790659085 1.46
1790659095 1.60
1790659106 0.92
1790659117 1.47
1790659128 1.45
1790659139 1.69
1790659150 1.89
1790659161 1.13
1790659172 2.09
1790659182 1.90
1790659193 2.51
1790659204 1.58
1790659215 1.42
1790659226 1.42
1790659237 1.57
1790659248 1.78
1790659259 1.47
1790659269 2.21
1790659280 2.30
1790659291 1.55
1790659302 1.23
1790659313 1.72
1790659324 1.56
1790659335 1.06
1790659345 1.15
1790659356 1.33
1790659367 1.22
1790659378 1.50
1790659389 2.31
1790659400 1.38
1790659411 1.71
1790659421 1.51
1790659432 1.67
1790659443 2.37
1790659454 3.06
1790659465 1.69
1790659476 1.00
1790659487 1.42
1790659497 1.20
1790659508 3.09
1790659519 1.18
1790659530 2.06
1790659541 1.74
1790659552 1.72
1790659563 1.51
1790659573 2.68
1790659584 1.58
1790659595 1.68
1790659606 4.67
1790659617 1.32
1790659628 1.72
1790659639 1.71
1790659650 1.91
1790659660 1.31
1790659671 1.13
1790659682 1.00
1790659693 1.71
1790659704 1.55
1790659715 1.40
1790659726 0.90
1790659737 1.01
1790659747 1.35
1790659758 1.58
1790659769 1.66
1790659780 1.30
1790659791 2.66
1790659802 1.73
1790659812 1.41
1790659823 1.70
1790659834 1.58
1790659845 1.97
1790659856 1.85
1790659867 1.61
1790659878 1.08
1790659888 1.28
1790659899 1.43
1790659910 2.30
1790659921 1.69
1790659932 3.88
1790659943 2.51
1790659954 1.90
1790659965 1.34
1790659975 1.33
1790659986 1.04
1790659997 0.92
1790660008 1.89
1790660019 1.49
1790660030 1.30
1790660041 1.53
1790660051 1.34
1790660062 1.31
1790660073 2.29
1790660084 2.76
1790660095 1.66
1790660106 2.54
1790660117 2.20
1790660127 1.72
1790660138 1.75
1790660149 3.37
1790660160 4.18
1790660171 2.97
1790660182 3.22
1790660193 1.49
1790660203 3.09
1790660214 2.71
1790660225 2.30
1790660236 3.38
1790660247 2.59
1790660258 3.28
1790660269 3.84
1790660280 2.51
1790660290 2.53
1790660301 2.74
1790660312 1.74
1790660323 2.28
1790660334 2.65
1790660344 3.18
1790660355 2.25
1790660366 1.91
1790660377 2.68
1790660388 2.11
1790660399 2.19
1790660409 2.69
1790660420 3.18
1790660431 4.02
1790660442 2.86
1790660453 3.00
1790660464 2.62
1790660475 1.32
1790660486 3.04
1790660496 2.23
1790660507 2.30
1790660518 2.01
1790660529 2.91
1790660540 2.34
1790660550 1.98
1790660561 2.22
1790660572 1.69
1790660583 5.60
1790660594 1.93
1790660605 1.82
1790660616 1.43
1790660627 1.11
1790660637 2.03
1790660648 2.34
1790660659 2.22
1790660670 1.49
1790660681 1.29
1790660692 1.58
1790660703 1.49
1790660713 1.48
1790660724 1.73
1790660735 1.52
1790660746 1.97
1790660757 2.00
1790660768 1.69
1790660779 3.55
1790660790 2.94
1790660800 4.06
1790660812 5.31
1790660823 4.11
1790660834 2.95
1790660845 2.54
1790660855 2.00
1790660866 1.97
1790660877 1.37
1790660888 2.21
1790660899 1.66
1790660910 5.98
1790660921 2.17
1790660932 1.82
1790660943 1.69
1790660954 1.66
1790660964 2.35
1790660975 2.50
1790660986 3.49
1790660997 2.19
1790661008 3.21
1790661019 2.61
1790661029 2.19
1790661040 2.12
1790661051 2.76
1790661062 4.39
1790661073 2.30
1790661084 3.96
1790661094 2.49
1790661105 2.10
1790661116 2.51
1790661127 2.87
1790661138 2.50
1790661149 2.43
1790661160 2.77
1790661170 4.04
1790661181 2.55
1790661192 3.38
1790661203 4.85
1790661214 4.52
1790661225 4.53
1790661236 6.10
1790661247 3.12
1790661258 3.51
1790661268 2.78
1790661279 3.62
1790661290 3.13
1790661301 3.15
1790661312 2.66
1790661323 1.78
1790661334 2.66
1790661344 2.92
1790661355 2.18
1790661366 2.34
1790661377 2.82
1790661388 2.67
1790661399 3.00
1790661410 2.85
1790661421 3.11
1790661432 2.61
1790661442 3.14
1790661453 2.30
1790661464 3.01
1790661475 2.84
1790661486 3.21
1790661497 2.36
1790661508 2.68
1790661518 2.86
1790661529 3.37
1790661540 2.54
1790661551 2.78
1790661562 2.59
1790661573 1.87
1790661583 1.73
1790661594 2.25
1790661605 1.67
1790661616 1.15
1790661627 1.34
1790661638 1.93
1790661648 1.63
1790661659 1.66
1790661670 1.36
1790661681 1.14
1790661692 1.66
1790661703 2.36
1790661714 2.68
1790661724 2.16
1790661735 1.95
1790661746 3.30
1790661757 2.34
1790661768 1.38
1790661779 1.82
1790661790 2.21
1790661800 1.96
1790661811 1.18
1790661822 2.17
1790661833 1.86
1790661844 1.91
1790661855 2.04
1790661866 1.68
1790661876 1.44
1790661887 2.57
1790661898 1.36
1790661909 2.14
1790661920 1.64
1790661931 1.84
1790661942 1.05
1790661952 1.71
1790661963 1.05
1790661974 1.57
1790661985 1.75
1790661996 1.63
1790662007 1.45
1790662017 1.00
1790662028 2.21
1790662039 1.26
1790662050 2.13
1790662061 2.32
1790662072 1.57
1790662083 1.50
1790662093 2.11
1790662104 2.30
1790662115 1.87
1790662126 2.29
1790662137 1.52
1790662148 1.35
1790662159 1.58
1790662169 2.73
1790662180 2.05
1790662191 1.55
1790662202 1.52
1790662213 3.49
