1790613472 1.32
1790613483 2.22
1790613494 1.50
1790613505 1.67
1790613516 1.04
1790613527 0.78
1790613538 0.99
1790613549 2.21
1790613559 0.96
1790613570 1.21
1790613581 1.02
1790613592 0.84
1790613603 0.43
1790613614 1.35
1790613625 0.90
1790613636 0.93
1790613646 2.09
1790613657 1.26
1790613668 2.04
1790613679 0.84
1790613690 1.07
1790613701 1.13
1790613712 1.03
1790613723 1.13
1790613733 1.25
1790613744 1.20
1790613755 1.15
1790613766 1.70
1790613777 0.81
1790613788 1.75
1790613799 5.45
1790613810 1.49
1790613821 1.21
1790613831 1.18
1790613842 0.45
1790613853 0.60
1790613864 1.38
1790613875 1.94
1790613886 1.00
1790613897 1.13
1790613908 0.85
1790613919 0.55
1790613929 0.99
1790613940 0.90
1790613951 0.80
1790613962 1.05
1790613973 1.00
1790613984 1.17
1790613995 0.96
1790614006 1.90
1790614018 2.15
1790614028 3.27
1790614039 0.94
1790614050 1.45
1790614061 0.84
1790614072 1.37
1790614083 1.00
1790614094 1.24
1790614105 3.25
1790614115 1.10
1790614126 3.47
1790614137 1.11
1790614148 2.04
1790614159 1.00
1790614170 0.98
1790614181 0.79
1790614192 0.73
1790614203 1.53
1790614214 1.34
1790614224 1.33
1790614235 1.07
1790614246 1.26
1790614257 1.34
1790614268 1.18
1790614279 0.99
1790614290 0.97
1790614301 0.73
1790614311 0.86
1790614322 0.75
1790614333 1.16
1790614344 1.10
1790614355 1.14
1790614366 0.57
1790614377 1.45
1790614388 2.57
1790614399 1.41
1790614409 1.86
1790614420 0.81
1790614431 1.32
1790614442 1.05
1790614453 3.12
1790614464 1.32
1790614475 1.48
1790614486 1.15
1790614497 0.90
1790614508 1.18
1790614519 0.81
1790614529 2.13
1790614540 0.98
1790614551 1.07
1790614562 0.83
1790614573 0.65
1790614584 1.14
1790614595 1.56
1790614606 1.28
1790614616 1.09
1790614627 2.26
1790614638 0.54
1790614649 1.38
1790614660 1.33
1790614671 2.70
1790614682 0.89
1790614693 1.15
1790614704 1.22
1790614714 1.24
1790614725 2.04
1790614736 1.41
1790614747 1.68
1790614758 1.41
1790614769 1.53
1790614780 3.56
1790614791 1.07
1790614802 1.16
1790614813 1.04
1790614824 0.72
1790614834 1.39
1790614845 0.94
1790614856 1.35
1790614867 1.10
1790614878 1.00
1790614889 1.17
1790614900 0.94
1790614911 0.53
1790614922 0.52
1790614932 2.22
1790614943 1.34
1790614954 1.56
1790614965 1.00
1790614976 0.68
1790614987 1.11
1790614998 2.39
1790615009 1.82
1790615019 1.48
1790615030 1.39
1790615041 0.67
1790615052 1.21
1790615063 0.91
1790615074 0.97
1790615085 1.08
1790615096 1.12
1790615107 4.49
1790615118 1.13
1790615128 1.01
1790615139 1.09
1790615150 1.12
1790615161 0.90
1790615172 0.43
1790615183 0.90
1790615194 0.91
1790615205 0.89
1790615215 1.24
1790615226 0.95
1790615237 0.83
1790615248 0.86
1790615259 1.11
1790615270 0.95
1790615281 2.44
1790615292 1.06
1790615303 1.66
1790615313 1.00
1790615324 1.00
1790615335 1.41
1790615346 1.10
1790615357 1.55
1790615368 1.19
1790615379 1.00
1790615390 1.47
1790615401 1.07
1790615411 1.17
1790615422 1.05
1790615433 5.15
1790615444 0.90
1790615455 1.05
1790615466 0.98
1790615477 0.48
1790615488 0.82
1790615499 0.72
1790615509 0.89
1790615520 0.82
1790615531 0.84
1790615542 0.92
1790615553 0.68
1790615564 1.66
1790615575 1.22
1790615586 1.32
1790615596 1.35
1790615607 1.73
1790615618 0.53
1790615629 2.01
1790615640 1.91
1790615651 1.43
1790615662 1.38
1790615673 1.34
1790615683 0.90
1790615694 0.84
1790615705 1.33
1790615716 1.09
1790615727 1.31
1790615738 1.08
1790615749 2.24
1790615760 5.20
1790615771 1.27
1790615782 0.99
1790615792 1.22
1790615803 0.60
1790615814 0.70
1790615825 0.83
1790615836 1.40
1790615847 0.90
1790615858 1.05
1790615869 0.95
1790615879 0.82
1790615890 0.90
1790615901 1.86
1790615912 1.24
1790615923 1.13
1790615934 2.66
1790615945 1.13
1790615956 1.40
1790615967 0.62
1790615977 2.87
1790615988 2.73
1790615999 1.50
1790616010 2.58
1790616021 1.18
1790616032 0.49
1790616043 1.22
1790616054 2.60
1790616065 3.17
1790616076 2.44
1790616086 3.97
1790616097 1.32
1790616108 1.30
1790616119 1.27
1790616130 1.17
1790616141 0.41
1790616152 0.50
1790616163 0.84
1790616173 1.02
1790616184 1.15
1790616195 1.15
1790616206 1.04
1790616217 0.45
1790616228 1.78
1790616239 0.94
1790616250 0.98
1790616261 2.78
1790616271 2.01
1790616282 2.00
1790616293 0.69
1790616304 1.32
1790616315 1.18
1790616326 1.20
1790616337 1.12
1790616348 0.70
1790616359 1.27
1790616369 1.38
1790616380 1.38
1790616391 1.22
1790616402 0.95
1790616413 4.14
1790616424 1.37
1790616435 1.16
1790616446 1.56
1790616456 1.43
1790616467 0.67
1790616478 0.77
1790616489 1.56
1790616500 1.44
1790616511 0.89
1790616522 0.60
1790616533 0.80
1790616544 0.80
1790616554 1.58
1790616565 1.89
1790616576 2.41
1790616587 3.30
1790616598 1.46
1790616609 1.89
1790616620 1.74
1790616631 1.66
1790616642 3.43
1790616653 1.56
1790616663 3.11
1790616674 2.78
1790616685 1.30
1790616696 2.02
1790616707 1.86
1790616718 2.21
1790616729 1.77
1790616740 4.34
1790616751 1.05
1790616762 0.91
1790616772 0.95
1790616783 0.81
1790616794 0.73
1790616805 0.78
1790616816 1.79
1790616827 0.76
1790616838 1.00
1790616849 1.32
1790616860 0.65
1790616870 1.33
1790616881 0.99
1790616892 1.45
1790616903 1.73
1790616914 1.29
1790616925 1.81
1790616936 2.41
1790616947 2.37
1790616958 1.97
1790616969 2.53
1790616979 3.19
1790616990 2.18
1790617001 1.33
1790617012 3.18
1790617023 1.60
1790617034 2.61
1790617045 2.34
1790617056 3.32
1790617067 3.39
1790617078 0.98
1790617088 2.21
1790617099 1.38
1790617110 1.36
1790617121 0.43
1790617132 0.33
1790617143 1.88
1790617154 0.81
1790617165 1.07
1790617175 1.04
1790617186 0.86
1790617197 1.08
1790617208 1.43
1790617219 1.83
1790617230 1.23
1790617241 1.26
1790617252 1.10
1790617263 0.74
1790617273 0.67
1790617284 2.45
1790617295 1.50
1790617306 3.00
1790617317 1.30
1790617328 1.32
1790617339 1.72
1790617350 1.02
1790617361 2.20
1790617371 2.62
1790617382 0.73
1790617393 3.92
1790617404 1.15
1790617415 1.10
1790617426 1.04
1790617437 1.34
1790617448 0.74
1790617459 0.84
1790617469 1.23
1790617480 0.72
1790617491 0.75
1790617502 1.27
1790617513 1.01
1790617524 1.36
1790617535 0.65
1790617546 1.15
1790617557 0.92
1790617568 1.22
1790617578 1.08
1790617589 1.43
1790617600 1.05
1790617611 1.38
1790617622 0.97
1790617633 1.10
1790617644 0.99
1790617655 0.84
1790617666 1.32
1790617676 0.82
1790617687 2.45
1790617698 1.22
1790617709 1.44
1790617720 3.31
1790617731 4.72
1790617742 0.98
1790617753 1.05
1790617763 0.97
1790617774 0.54
1790617785 0.71
1790617796 1.01
1790617807 1.31
1790617818 1.05
1790617829 1.06
1790617840 0.69
1790617850 0.76
1790617861 0.99
1790617872 1.09
1790617883 1.22
1790617894 1.46
1790617905 1.22
1790617916 0.66
1790617927 1.44
1790617938 1.27
1790617949 1.48
1790617959 1.45
1790617970 1.61
1790617981 0.80
1790617992 0.83
1790618003 1.18
1790618014 1.35
1790618025 0.92
1790618036 1.21
1790618047 4.12
1790618058 1.22
1790618068 1.21
1790618079 1.43
1790618090 1.27
1790618101 0.62
1790618112 0.56
1790618123 1.00
1790618134 0.79
1790618145 0.67
1790618155 0.91
1790618166 0.87
1790618177 0.71
1790618188 0.98
1790618199 1.48
1790618210 1.06
1790618221 2.17
1790618232 0.99
1790618243 0.92
1790618253 0.84
1790618264 1.07
1790618275 1.31
1790618286 1.09
1790618297 1.31
1790618308 0.94
1790618319 1.91
1790618330 0.83
1790618340 0.90
1790618351 1.12
1790618362 0.93
1790618373 5.19
1790618384 1.22
1790618395 1.27
1790618406 1.49
1790618417 0.64
1790618428 0.95
1790618438 1.10
1790618449 1.53
1790618460 1.11
1790618471 1.16
1790618482 2.38
1790618493 0.72
1790618504 1.18
1790618515 0.41
1790618526 2.29
1790618536 0.99
1790618547 1.26
1790618558 3.61
1790618569 2.58
1790618580 1.43
1790618591 1.92
1790618602 1.95
1790618613 1.32
1790618624 1.27
1790618634 1.71
1790618645 1.17
1790618656 1.32
1790618667 1.65
1790618678 1.74
1790618689 1.40
1790618700 5.23
1790618711 1.02
1790618722 1.15
1790618733 1.18
1790618743 0.90
1790618754 0.61
1790618765 0.76
1790618776 1.58
1790618787 1.01
1790618798 1.09
1790618809 0.89
1790618820 0.70
1790618831 1.17
1790618841 0.98
1790618852 2.21
1790618863 1.00
1790618874 1.24
1790618885 0.39
1790618896 0.66
1790618907 1.39
1790618918 1.33
1790618928 1.05
1790618939 2.82
1790618950 1.63
1790618961 1.23
1790618972 1.05
1790618983 1.47
1790618994 1.08
1790619005 1.35
1790619016 1.10
1790619027 3.82
1790619038 1.28
1790619048 1.34
1790619059 1.19
1790619070 0.94
1790619081 0.48
1790619092 0.62
1790619103 2.20
1790619114 1.36
1790619125 0.92
1790619136 0.82
1790619146 0.42
1790619157 0.81
1790619168 1.61
1790619179 1.21
1790619190 1.57
1790619201 2.05
1790619212 0.66
1790619223 2.07
1790619234 1.34
1790619244 1.32
1790619255 3.39
1790619266 1.26
1790619277 0.75
1790619288 1.13
1790619299 1.14
1790619310 0.76
1790619321 1.42
1790619332 1.75
1790619342 1.61
1790619353 4.01
1790619364 0.91
1790619375 0.85
1790619386 1.05
1790619397 0.53
1790619408 0.89
1790619419 0.70
1790619430 1.63
1790619440 1.31
1790619451 0.99
1790619462 1.08
1790619473 0.49
1790619484 1.01
1790619495 0.99
1790619506 1.66
1790619517 1.53
1790619528 1.89
1790619538 1.58
1790619549 1.93
1790619560 1.47
1790619571 1.81
1790619582 1.09
1790619593 1.37
1790619604 1.17
1790619615 1.30
1790619626 1.61
1790619637 0.71
1790619647 3.76
1790619658 2.85
1790619669 1.05
1790619680 3.89
1790619691 1.08
1790619702 1.06
1790619713 1.39
1790619724 1.27
1790619735 0.67
1790619745 0.69
1790619756 2.19
1790619767 0.86
1790619778 1.11
1790619789 0.93
1790619800 1.15
1790619811 0.81
1790619822 2.00
1790619833 0.99
1790619843 1.02
1790619854 1.31
1790619865 0.97
1790619876 1.37
1790619887 0.97
1790619898 4.38
1790619909 6.70
1790619920 2.73
1790619931 2.22
1790619941 0.93
1790619952 2.58
1790619963 1.68
1790619974 1.44
1790619985 1.38
1790619996 1.57
1790620007 4.00
1790620018 1.79
1790620029 2.81
1790620040 1.49
1790620050 1.36
1790620061 0.66
1790620072 0.73
1790620083 0.93
1790620094 1.34
1790620105 1.37
1790620116 1.42
1790620127 0.74
1790620138 1.15
1790620149 1.55
1790620159 3.41
1790620170 2.02
1790620181 1.07
1790620192 1.12
1790620203 1.17
1790620214 2.19
1790620225 1.79
1790620236 0.75
1790620247 1.80
1790620257 1.67
1790620268 2.77
1790620279 1.54
1790620290 2.43
1790620301 1.80
1790620312 1.11
1790620323 1.55
1790620334 3.18
1790620344 1.35
1790620355 1.18
1790620366 0.95
1790620377 1.72
1790620388 1.09
1790620399 1.15
1790620410 0.89
1790620421 1.22
1790620431 1.14
1790620442 1.26
1790620453 1.01
1790620464 1.64
1790620475 0.73
1790620486 3.26
1790620497 3.25
1790620508 2.24
1790620519 2.44
1790620530 1.16
1790620541 0.89
1790620551 0.75
1790620562 2.63
1790620573 3.28
1790620584 2.19
1790620595 3.02
1790620606 1.21
1790620617 1.53
1790620628 3.27
1790620639 4.38
1790620650 3.63
1790620661 1.39
1790620672 1.13
1790620682 1.34
1790620693 1.59
1790620704 1.43
1790620715 0.61
1790620726 0.61
1790620737 1.35
1790620748 1.03
1790620759 1.40
1790620769 1.34
1790620780 1.21
1790620791 1.34
1790620802 1.25
1790620813 2.22
1790620824 1.41
1790620835 0.98
1790620846 2.01
1790620857 1.83
1790620867 1.02
1790620878 2.76
1790620889 1.70
1790620900 1.53
1790620911 2.33
1790620922 1.30
1790620933 1.90
1790620944 0.66
1790620955 0.79
1790620965 1.78
1790620976 1.96
1790620987 1.79
1790620998 1.17
1790621009 1.91
1790621020 1.36
1790621031 1.31
1790621042 0.84
1790621052 0.91
1790621063 0.85
1790621074 1.27
1790621085 1.31
1790621096 0.96
1790621107 1.01
1790621118 0.70
1790621129 1.46
1790621140 1.00
1790621150 3.62
1790621161 2.05
1790621172 2.48
1790621183 1.02
1790621194 1.30
1790621205 0.81
1790621216 1.58
1790621227 3.49
1790621238 2.00
1790621249 2.76
1790621259 3.19
1790621270 2.35
1790621281 2.04
1790621292 3.61
1790621303 3.81
1790621315 3.60
1790621327 2.30
1790621338 2.41
1790621349 2.89
1790621359 1.03
1790621370 1.09
1790621381 1.10
1790621392 0.96
1790621403 1.22
1790621414 1.18
1790621425 1.17
1790621436 0.83
1790621447 0.81
1790621457 1.54
1790621468 2.02
1790621479 1.36
1790621490 1.62
1790621501 1.45
1790621512 0.80
1790621523 1.17
1790621534 1.15
1790621544 1.15
1790621555 0.85
1790621566 2.39
1790621577 1.10
1790621588 1.80
1790621599 1.51
1790621610 2.48
1790621621 1.26
1790621631 1.85
1790621642 1.59
1790621653 1.30
1790621664 1.36
1790621675 1.22
1790621686 1.05
1790621697 0.64
1790621708 0.92
1790621719 1.44
1790621729 1.82
1790621740 1.16
1790621751 1.58
1790621762 1.16
1790621773 1.03
1790621784 1.35
1790621795 1.71
1790621805 1.21
1790621816 1.31
1790621827 1.08
1790621838 1.34
1790621849 1.96
1790621860 1.23
1790621871 1.12
1790621882 1.49
1790621892 1.16
1790621903 1.09
1790621914 1.75
1790621925 1.14
1790621936 0.89
1790621947 1.22
1790621958 1.14
1790621969 1.31
1790621979 1.91
1790621990 1.13
1790622001 1.45
1790622012 1.01
1790622023 0.78
1790622034 1.16
1790622045 1.17
1790622055 0.99
1790622066 1.02
1790622077 1.09
1790622088 1.37
1790622099 1.53
1790622110 1.05
1790622121 1.28
1790622132 1.67
1790622142 2.52
1790622153 1.69
1790622164 0.95
1790622175 1.61
1790622186 1.63
1790622197 1.32
1790622208 1.31
1790622218 0.90
1790622229 1.84
1790622240 1.68
1790622251 1.74
1790622262 0.96
1790622273 1.64
1790622284 0.75
1790622295 1.38
1790622305 1.90
1790622316 1.11
1790622327 1.03
1790622338 1.00
1790622349 0.84
1790622360 1.21
1790622371 1.04
1790622381 1.05
1790622392 1.14
1790622403 1.29
1790622414 1.25
1790622425 0.61
1790622436 1.43
1790622447 1.79
1790622458 1.40
1790622468 1.15
1790622479 1.54
1790622490 1.98
1790622501 1.72
1790622512 1.40
1790622523 1.58
1790622534 1.23
1790622545 1.36
1790622555 1.54
1790622566 1.16
1790622577 0.97
1790622588 1.53
1790622599 1.45
1790622610 1.66
1790622621 0.98
1790622631 1.30
1790622642 1.56
1790622653 1.30
1790622664 1.52
1790622675 0.77
1790622686 1.33
1790622697 1.85
1790622708 1.25
1790622718 1.14
1790622729 1.52
1790622740 0.97
1790622751 0.81
1790622762 1.87
1790622773 1.31
1790622784 2.66
1790622794 1.37
1790622805 1.79
1790622816 1.58
1790622827 0.74
1790622838 1.42
1790622849 2.77
1790622860 2.35
1790622871 2.01
1790622881 1.33
1790622892 1.34
1790622903 1.41
1790622914 1.38
1790622925 1.10
1790622936 1.97
1790622947 0.68
1790622958 2.03
1790622968 2.90
1790622979 1.33
1790622990 1.63
1790623001 0.82
1790623012 1.23
1790623023 0.94
1790623034 1.30
1790623044 1.41
1790623055 1.28
1790623066 1.01
1790623077 0.78
1790623088 1.43
1790623099 1.13
1790623110 2.26
1790623120 1.64
1790623131 1.21
1790623142 0.93
1790623153 1.71
1790623164 0.89
1790623175 1.39
1790623186 2.62
1790623197 1.62
1790623207 1.56
1790623218 1.94
1790623229 2.63
1790623240 1.83
1790623251 3.09
1790623262 1.71
1790623272 1.01
1790623283 2.49
1790623294 0.98
1790623305 1.46
1790623316 1.45
1790623327 0.93
1790623338 1.15
1790623349 0.87
1790623359 1.10
1790623370 1.91
1790623381 1.34
1790623392 1.46
1790623403 0.97
1790623414 1.22
1790623425 0.88
1790623436 2.43
1790623446 0.78
1790623457 2.18
1790623468 0.66
1790623479 1.10
1790623490 1.46
1790623501 3.28
1790623512 1.00
1790623522 1.64
1790623533 1.42
1790623544 1.05
1790623555 1.68
1790623566 1.61
1790623577 1.45
1790623588 1.01
1790623599 1.42
1790623609 5.48
1790623620 1.90
1790623631 1.07
1790623642 1.37
1790623653 0.87
1790623664 1.26
1790623675 1.03
1790623686 1.26
1790623696 0.99
1790623707 1.53
1790623718 1.42
1790623729 1.10
1790623740 1.69
1790623751 1.54
1790623762 1.67
1790623772 1.91
1790623783 1.55
1790623794 1.58
1790623805 1.12
1790623816 1.79
1790623827 2.85
1790623837 3.00
1790623848 1.57
1790623859 2.31
1790623870 1.66
1790623881 2.67
1790623892 2.24
1790623903 1.91
1790623913 1.41
1790623924 1.77
1790623935 2.03
1790623946 1.11
1790623957 1.21
1790623968 1.26
1790623979 1.17
1790623990 1.45
1790624001 1.05
1790624011 3.61
1790624022 1.70
1790624033 1.89
1790624044 1.34
1790624055 0.90
1790624066 2.53
1790624077 1.94
1790624087 2.92
1790624098 1.35
1790624109 2.66
1790624120 1.60
1790624131 2.14
1790624142 1.67
1790624153 3.09
1790624164 2.14
1790624174 1.74
1790624185 2.58
1790624196 1.58
1790624207 1.64
1790624218 1.43
1790624229 3.35
1790624240 2.96
1790624250 2.22
1790624261 2.84
1790624272 1.32
1790624283 1.53
1790624294 1.27
1790624305 1.37
1790624315 1.17
1790624326 1.07
1790624337 1.39
1790624348 2.00
1790624359 1.40
1790624370 1.55
1790624381 1.17
1790624391 1.68
1790624402 1.74
1790624413 2.13
1790624424 1.81
1790624435 1.64
1790624446 1.64
1790624457 1.18
1790624467 1.26
1790624478 1.30
1790624489 2.23
1790624500 1.70
1790624511 1.57
1790624522 1.10
1790624533 1.65
1790624543 2.23
1790624554 1.64
1790624565 1.49
1790624576 1.79
1790624587 5.02
1790624598 1.40
1790624609 1.75
1790624619 1.32
1790624630 1.40
1790624641 1.81
1790624652 1.48
1790624663 2.47
1790624674 1.64
1790624685 1.30
1790624696 1.40
1790624706 0.97
1790624717 1.29
1790624728 1.71
1790624739 3.33
1790624750 3.41
1790624761 3.53
1790624772 3.94
1790624782 1.47
1790624793 1.63
1790624804 1.14
1790624815 2.92
1790624826 2.37
1790624837 1.95
1790624848 2.28
1790624859 1.40
1790624869 3.07
1790624880 1.97
1790624891 3.72
1790624902 2.42
1790624913 5.51
1790624924 1.51
1790624935 1.34
1790624946 1.49
1790624956 1.06
1790624967 1.21
1790624978 1.05
1790624989 1.61
1790625000 1.34
1790625011 1.75
1790625022 1.70
1790625033 1.02
1790625043 2.51
1790625054 1.75
1790625065 2.13
1790625076 2.20
1790625087 2.10
1790625098 2.23
1790625109 3.60
1790625119 2.85
1790625130 2.26
1790625141 2.22
1790625152 1.38
1790625163 2.49
1790625174 2.54
1790625185 1.70
1790625196 2.91
1790625206 3.29
1790625217 2.71
1790625228 1.93
